774690
774695
43262
43255
45504
771977
772238
42555
33868
33969
33910
35304
776029
33915
39993
42181
42183
42182
763250
763311
763469
762217
762152
35020
43233
34066
34126
33868
33969
34095
775913
773715
34099
34108
769584
35253
43159
45471
422813
45655
43246
43247
45582
45509
45571
43259
43260
43104
42181
42183
42192
42193
42191
42193
42191
45369
42201
779293
779275
35067
762185
35020
35018
776585
35986
36077
36091
34743
34745
34760
769147
34715
34757
34279
34331
34359
34286
775813
775532
762220
36340
34389
34390
34419
775261
759243
34471
34431
34433
762258
34550
776874
776538
776459
33895
33897
33917
33976
33974
33905
33907
33971
33981
33979
33935
33937
773668
44717
35305
35317
35319
35318
35266
35268
769583
769572
35326
35328
45385
45261
779333
779233
779198
35216
35233
35235
35223
35185
35187
35219
35221
35207
35209
35238
36453
36455
36507
775807
774978
36532
36534
776411
36552
36554
33984
33986
775823
775983
775442
776078
33998
769483
769269
34812
34832
776183
36136
36135
36114
36116
36191
776054
775979
779263
779192
775958
776200
42065
763335
763284
42125
762133
36261
36271
776185
776341
35637
35676
776034
763278
759275
776080
42326
776747
35829
35796
776728
776418
35460
35462
779243
779183
35470
776532
42452
45486
42603
42602
45655
45549
42602
42603
45533
45492
422813
45578
45605
42876
42880
42879
45495
45432
43159
45581
43151
43156
43155
43234
45568
45508
43234
45606
45376
43256
45556
42563
42556
42579
42587
42530
42551
42737
42739
42738
42713
42712
42722
42741
42768
42734
42720
43106
43108
43107
43084
43083
43054
43056
33812
43110
43056
43054
43136
42405
42406
42407
42409
42391
42402
42353
42351
42434
42389
42349
42426
42385
43961
43962
43963
42965
42964
43000
43017
43011
43041
43033
42964
759462
759421
759405
769503
759405
769438
759530
759460
769607
759518
769500
769563
769563
769500
759517
776296
776846
776701
776671
776923
775738
776827
776261
776440
776927
776875
776583
776932
776716
776748
776917
775729
776798
775988
776786
776958
